-0.05
-0.05
-0.05
-0.05
0.249999
0.292856
0.307141
0.349998
0.392855
0.407141
0.435712
0.449998
0.464283
0.478569
0.464283
0.449998
0.449998
0.449998
0.449998
0.449998
0.449998
0.392855
-0.335713
-0.335713
-0.335713
-0.364285
-0.37857
-0.392856
-0.407142
-0.407142
-0.414284
-0.421427
-0.442856
-0.449999
-0.435713
-0.421428
-0.414285
-0.407142
-0.399999
-0.392856
-0.392856
-0.392856
-0.385714
-0.378571
-0.349999
-0.335714
-0.321428
-0.321428
-0.314285
-0.307142
-0.278571
-0.278571
-0.25
-0.235714
-0.192857
-0.15
-0.0785719
0.00714201
0.092856
0.207141
0.292855
0.349998
0.378569
0.378569
0.378569
0.378569
0.378569
0.378569
0.378569
0.364283
0.357141
0.349998
0.342855
0.335712
0.321426
0.307141
0.292855
0.285712
0.27857
0.27857
0.27857
0.264284
0.249998
0.235713
0.221427
0.207141
0.164284
0.149999
-0.635712
-0.635712
-0.635712
-0.635712
-0.635712
-0.635712
-0.635712
-0.635712
-0.621426
-0.621426
-0.621426
-0.621426
