-0.05
-0.05
-0.05
-0.05
-0.05
-0.05
-0.05
-0.05
-0.05
-0.05
-0.05
-0.05
-0.05
-0.05
-0.05
-0.05
-0.0214287
-0.00714302
1
1
1
0.107142
0.107142
-0.0214287
-0.05
-0.05
-0.05
-0.05
-0.05
-0.05
-0.05
-0.05
-0.0357143
-0.0214287
-0.0142858
-0.00714302
0.00714264
0.0214283
0.035714
0.0499996
0.0571424
0.0642853
0.0785709
0.0928566
0.107142
0.121428
0.135714
0.149999
0.178571
0.207142
0.221428
0.235713
0.249999
0.27857
0.264284
0.207142
0.149999
0.0642853
-0.621426
-0.621426
-0.635712
-0.635712
-0.635712
-0.649998
-0.649998
-0.649998
-0.649998
-0.649998
-0.649998
-0.649998
-0.649998
0.5
0.6
0.7
0.77
0.79
0.82
0.888
-0.649998
-0.649998
-0.649998
-0.649998
-0.649998
-0.649998
-0.649998
-0.649998
-0.649998
-0.649998
-0.635712
-0.635712
-0.635712
-0.635712
-0.635712
-0.635712
-0.635712
-0.635712
-0.621426
-0.621426
-0.621426
-0.621426
0.521426
0.535712
0.535712
0.535712
0.535712
0.535712
